% 
% BDP BrainSuite Diffusion Pipeline
% 
% Copyright (C) 2021 The Regents of the University of California and
% the University of Southern California
% 
% Created by Chitresh Bhushan, Divya Varadarajan, Justin P. Haldar, Anand A. Joshi,
%            David W. Shattuck, and Richard M. Leahy
% 
% This program is free software; you can redistribute it and/or
% modify it under the terms of the GNU General Public License
% as published by the Free Software Foundation; version 2.
% 
% This program is distributed in the hope that it will be useful,
% but WITHOUT ANY WARRANTY; without even the implied warranty of
% MERCHANTABILITY or FITNESS FOR A PARTICULAR PURPOSE. See the
% GNU General Public License for more details.
% 
% You should have received a copy of the GNU General Public License
% along with this program; if not, write to the Free Software
% Foundation, Inc., 51 Franklin Street, Fifth Floor, Boston, MA 02110-1301,
% USA.
% 


function [odf_faces,odf_vertices] = getOdfSurf()
odf_faces = [2,6,4,8,1,7,5,10,3,9,12,17,11,18,14,21,13,22,15,25,6,16,8,20,7,19,10,24,9,23,17,31,27,36,26,41,18,32,21,33,29,38,28,43,22,34,25,35,30,45,16,40,20,37,19,42,24,39,23,44,36,52,41,53,38,56,43,57,45,60,47,63,33,55,48,67,35,59,31,51,46,62,32,54,50,66,34,58,49,70,40,61,37,64,39,68,44,69,42,65,52,76,63,87,62,88,53,77,56,78,67,83,66,84,57,79,60,80,70,90,51,86,71,99,72,91,55,82,54,81,73,94,74,95,59,89,58,85,75,100,61,98,64,92,65,93,68,96,69,97,87,107,88,108,83,111,84,112,90,115,77,109,78,110,95,123,94,118,79,113,76,106,91,121,99,122,80,114,100,125,101,130,82,117,81,116,104,132,102,133,89,124,85,119,86,120,103,129,105,135,92,126,96,127,98,128,93,131,97,134,107,141,121,147,122,148,108,142,111,143,123,151,118,153,112,145,115,144,125,155,109,149,110,150,132,162,113,154,106,146,130,161,129,160,133,163,114,152,135,165,117,156,124,158,120,159,136,137,116,157,138,139,119,164,140,128,166,129,172,126,168,130,167,131,169,132,175,127,170,133,173,134,171,135,174,147,148,151,155,153,141,161,160,142,143,163,144,162,145,165,150,149,152,146,154,159,130,212,202,156,157,158,164,129,211,201,133,214,205,135,215,207,132,213,204,166,168,169,170,171,148,195,183,141,147,194,181,142,186,143,151,197,155,200,153,192,188,145,187,144,185,150,162,204,182,146,161,202,160,201,184,149,163,205,189,154,190,152,165,207,172,167,196,157,175,173,199,158,174,191,156,193,159,198,164,216,201,217,202,218,204,219,205,220,207,209,166,208,168,203,169,206,170,210,171,183,227,228,181,186,226,233,188,229,187,197,239,194,237,195,236,200,240,221,182,222,184,223,185,192,238,224,189,225,190,201,251,202,252,204,255,205,253,207,254,230,193,232,191,231,196,235,199,234,198,217,257,220,260,216,256,218,258,219,259,248,246,250,247,249,241,209,242,208,243,203,244,206,245,210,228,274,226,272,227,271,229,273,263,221,261,222,262,223,233,275,268,224,264,225,237,291,239,293,240,295,236,294,238,292,265,230,267,232,266,231,269,234,270,235,287,246,286,248,289,250,290,247,288,249,256,298,257,296,258,299,259,297,260,300,252,281,255,285,253,283,251,282,254,284,277,242,280,244,276,241,278,243,279,245,294,307,293,308,291,310,292,314,295,312,272,302,316,282,640,283,274,301,320,281,275,304,639,284,271,303,638,285,273,305,286,636,306,262,313,263,309,261,287,632,323,325,322,326,324,328,332,327,327,333,329,330,334,328,329,335,331,331,336,330,337,338,340,339,341,342,344,343,345,346,339,347,337,338,348,341,343,349,340,342,350,345,346,351,344,361,352,352,357,353,362,363,353,358,354,354,359,355,364,365,355,360,356,356,366,362,367,361,357,368,358,364,371,363,359,369,360,366,370,365,372,373,375,374,376,377,379,378,380,381,373,384,385,376,377,388,389,380,382,372,374,383,386,375,378,387,390,379,381,391,383,392,382,384,393,385,388,395,389,391,396,390,387,394,386,407,397,397,408,398,409,402,398,403,399,399,404,400,405,406,400,410,401,401,411,419,407,409,420,408,412,413,403,414,402,405,415,404,416,417,410,418,406,411,421,420,424,419,412,422,413,415,425,414,416,423,417,421,426,418,427,428,430,429,431,432,434,433,435,436,437,430,438,431,432,444,433,439,440,434,441,427,428,442,429,443,445,435,436,446,442,451,447,438,452,437,439,453,444,454,448,445,455,440,449,441,443,450,446,456,451,458,447,454,460,448,450,457,449,453,459,452,456,461,455,467,462,462,468,463,469,470,463,471,464,464,472,466,474,475,466,473,465,465,476,478,470,477,471,474,483,485,475,480,467,468,482,469,481,472,484,479,473,476,486,489,477,491,479,487,480,481,482,490,478,483,484,492,485,486,487,489,490,491,492,504,468,469,502,507,472,476,508,474,509,462,503,515,482,516,481,463,505,464,506,518,484,465,511,513,483,466,510,521,486,471,512,470,517,473,520,467,514,450,522,493,451,523,488,453,525,496,454,526,494,475,519,456,528,495,480,530,451,477,529,478,524,479,527,485,531,450,454,456,453,493,532,537,487,488,533,538,489,496,534,539,490,494,535,540,491,495,536,541,492,549,516,504,542,548,515,502,543,507,544,547,518,550,521,554,513,509,545,508,546,506,553,559,525,503,551,558,523,557,522,505,552,560,526,510,555,511,556,561,528,572,573,517,564,576,574,520,565,575,512,563,514,562,519,566,522,537,569,523,538,567,525,539,570,526,540,571,528,541,568,577,530,578,529,579,524,580,527,581,531,548,584,549,582,547,583,554,589,550,585,593,560,592,558,595,557,594,561,542,586,543,587,544,588,596,559,545,590,546,591,615,572,612,573,613,576,614,574,616,575,551,597,553,598,552,599,556,601,555,600,608,578,611,581,607,577,609,579,610,580,522,569,603,523,567,602,526,571,604,528,568,605,525,570,606,619,562,617,563,620,564,618,565,621,566,595,630,593,627,592,634,636,594,639,584,640,582,638,583,632,596,320,589,316,585,612,624,614,623,616,626,615,622,613,625,312,586,314,588,308,587,310,590,307,591,641,608,637,607,610,319,611,318,609,317,619,315,617,311,620,306,618,309,621,313,631,602,635,606,629,604,628,603,633,605,598,304,601,301,597,305,599,302,600,303,628,280,629,278,631,279,635,277,633,276,299,623,637,270,319,266,297,622,641,269,296,625,318,265,300,624,317,267,298,626,315,264,288,627,290,634,289,630,311,268;0,2,0,4,0,1,0,5,0,3,2,12,1,11,4,14,3,13,5,15,1,6,2,8,3,7,4,10,5,9,6,17,12,27,11,26,7,18,8,21,14,29,13,28,9,22,10,25,15,30,11,16,12,20,13,19,14,24,15,23,17,36,18,41,21,38,22,43,25,45,27,47,20,33,29,48,24,35,16,31,26,46,19,32,28,50,23,34,30,49,26,40,27,37,29,39,30,44,28,42,31,52,36,63,41,62,32,53,33,56,38,67,43,66,34,57,35,60,45,70,40,51,46,71,47,72,37,55,42,54,50,73,48,74,39,59,44,58,49,75,46,61,47,64,50,65,48,68,49,69,52,87,53,88,56,83,57,84,60,90,54,77,55,78,67,95,66,94,58,79,51,76,63,91,62,99,59,80,70,100,72,101,64,82,65,81,73,104,74,102,68,89,69,85,61,86,71,103,75,105,72,92,74,96,71,98,73,93,75,97,76,107,87,121,88,122,77,108,78,111,83,123,84,118,79,112,80,115,90,125,81,109,82,110,94,132,85,113,86,106,91,130,99,129,95,133,89,114,100,135,92,117,96,124,98,120,103,101,93,116,104,102,97,119,105,103,128,172,176,101,126,167,177,104,131,175,178,102,127,173,179,105,134,174,180,107,108,111,115,112,106,121,122,109,110,123,114,118,113,125,117,116,124,120,119,128,161,177,212,126,131,127,134,160,176,211,163,179,214,165,180,215,162,178,213,136,137,138,139,140,142,148,141,146,141,147,142,149,143,150,143,151,144,155,145,153,145,154,144,152,150,156,153,162,146,159,147,161,148,160,149,157,151,163,154,164,152,158,155,165,160,161,157,169,162,163,158,170,165,156,168,159,166,164,171,176,251,177,252,178,255,179,253,180,254,166,176,168,177,169,178,170,179,171,180,182,183,181,184,185,186,188,189,187,190,186,197,183,194,181,195,187,200,182,193,184,196,185,191,188,192,189,198,190,199,195,201,194,202,192,204,197,205,200,207,193,209,191,208,196,203,199,206,198,210,212,217,215,220,211,216,213,218,214,219,211,212,214,215,213,209,216,208,217,203,218,206,219,210,220,222,228,223,226,221,227,225,229,221,230,222,231,223,232,224,233,224,234,225,235,227,237,226,239,229,240,228,236,233,238,230,241,232,242,231,243,234,245,235,244,246,252,248,251,250,253,247,254,249,255,248,256,246,257,249,258,250,259,247,260,237,252,238,255,239,253,236,251,240,254,242,257,244,259,241,256,243,258,245,260,274,294,272,293,271,291,275,292,273,295,262,272,282,294,283,293,261,274,281,